985049459
913481887
928470679
916494394
988382442
996633918
998263352
927886375
930831352
992943491
953752727
925179116
884247772
891058772
932073994
913098390
936738311
826039442
926999427
976070283
989733761
826491582
929998936
814253252
832476552
989182765
988717630
935152275
982022347
922077533
936595987
826525932
924507527
947291211
936706924
918275452
991278184
915467970
927249871
933959007
913537327
913723503
912366979
814525082
820747992
920812457
923807586
917526729
912177912
993404527
934936760
929132920
923487751
819666512
996461602
931806912
989466577
983908675
931903047
960385519
935503582
997992717
990861544
921694253
913743199
897265842
981633032
912312208
998358914
921518110
919367210
836107012
932738988
996712192
998396751
921416970
989270478
919420030
951880833
964402485
994197029
934141636
931520822
919215348
947442651
997254090
860753642
936776051
967673374
926676075
919145188
919422505
932571773
830942122
978655424
992844841
920174965
915049044
912249107
988770256
998408571
962935311
979980191
929136985
936455220
998570840
936689256
912111644
929276663
892125732
919292288
931067842
917465371
926134469
992850876
953062542
930729515
997039475
935108136
920330134
919908556
912124444
946505765
927979772
913272927
987215925
920238556
926454463
935786479
926476327
990303215
921778120
989198513
919881089
925540609
989010115
990202656
929912934
930459852
933254631
924345144
912092011
929609735
991145613
947818589
823060092
979643950
932847795
821202302
822164102
993399345
984028474
936996787
931376365
927947706
926740636
836681592
992855177
891482922
990230447
929217837
929668634
922406006
922032653
998595185
865936702
929706331
919315822
930090476
922290113
989141007
936992234
989126210
917519048
986683275
923858156
992818301
827162892
926882023
943433054
930208566
915389724
998706963
917793271
991181369
921366124
926025643
935941431
920289134
926085115
918653996
918787054
934958179
896904272
922277370
914312418
966138130
982236177
930316725
922271232
914104017
913667611
951528145
928277348
836063732
975365581
834751682
917915520
919585145
992570350
832540552
921888058
912874672
914291135
986103031
911862158
974537605
936058868
898718662
817826792
931305212
934866231
930549339
919395699
912180751
927366975
926581880
996269310
995476312
918813373
975503208
934270797
934606426
995517744
934550501
975552241
966529830
915487467
990541515
936676278
935980860
924114622
836491602
826352922
930781886
830314342
915000320
982257484
923935568
815032632
928913023
925854425
927206706
990094756
923182217
985055092
913671473
927252678
935491533
924572086
984696116
926062158
913015576
928342484
996107388
931868985
912210197
912228924
928844331
936705065
983398057
936048439
912723119
920341969
980387070
991721991
932762013
992899263
919469579
922557365
913287789
932839377
928736415
933484084
927605775
928576280
995781883
919649100
994499130
988397105
934337565
915429165
928301133
936583016
828651072
916403526
933118800
934758315
928688933
933591190
928058360
935765048
932599910
912319075
933860361
937199090
924382856
933274918
832901172
977048095
919794542
987635894
936727328
924965959
989186183
914501725
921773218
988028053
816584132
981384660
912563944
997003365
934174143
952560565
988987603
920407978
992289236
997863569
932737620
998355311
919477709
918376410
852384212
912316521
932747014
925996084
827441422
929706439
922069212
919086548
916203950
929634446
880711792
993210285
992758430
976260473
929814754
918994203
915556825
911724715
920651585
835043282
912442993
918434437
931144170
921424752
928808645
979788282
996270580
997788486
935000165
916159560
918641033
922061130
892520682
924519525
930721913
928551725
990691800
935230047
983225144
813226642
920642845
959821550
964694583
981129768
979329733
933564053
917294917
923829725
932840979
988023604
993124206
980173135
994399098
923081860
995824906
989224069
936609902
932467992
916720327
935719275
971550759
990391858
936156053
989285661
936067573
950359463
930284947
829461102
916198345
915691544
989059149
915462677
927882787
914470595
933571947
935834627
895785172
921424701
936741029
924827866
988745936
962073271
922662134
979484127
924687819
934675533
928264408
932481820
927162997
951095303
913860195
927913534
919834757
913726855
915052681
976293037
817802192
955493478
925516244
924041447
930903418
919915668
931120956
931431595
994456105
988691267
914245710
992941383
925329088
982923808
866925062
923430989
921886837
818529252
933782867
917910146
920664091
923112758
920537847
934805321
832374202
931670603
913642414
921442564
933996646
997176405
883073282
822592562
996731359
934973720
928488683
932954850
934178963
959488363
922021910
980335232
932246503
925293563
915886949
926131184
922142238
926043889
933799484
988421499
929207025
916320337
932412616
927348020
934522575
990317836
926454706
913448677
926272039
834997452
990699763
993356921
913166981
990043167
929261267
936680895
992846690
898198952
919853468
988073113
990545839
919437111
992433388
935953545
986330348
993126357
989199978
983988563
914747899
932453606
934751590
998552923
934070496
997742354
968089811
963820003
979110928
935108438
995900440
934297806
997391705
933219313
936802974
923207775
926376012
934741439
925852775
919799455
990268665
956314763
926196103
917541914
989004182
832228192
989266144
933556417
980597784
922168830
922030049
926900013
915785107
928324311
953436892
920272347
996153800
915583822
916235453
925535400
952093479
930356824
811653942
976207998
989799134
934860055
922821720
929242556
929414977
911354721
931794604
825590692
933567079
833840452
931681052
995518317
926770284
912683737
916349238
989685945
935595932
926352229
927214296
915502881
933902358
917404224
822015212
911884992
914398460
998290937
935955254
980685217
835281892
924670207
994802631
912597539
913259157
922212848
919897481
933681726
997090101
996435164
936754988
921957556
989862030
932501406
935492378
933792749
927637952
915974872
989195808
989210068
992772336
933024512
993057339
924826436
943579873
921354789
824654662
935829798
925855650
926909894
821045592
915515452
920764711
988389935
950374047
998065992
916839596
922107181
996107493
916363346
927338920
921359756
930836303
917273898
935364981
925777927
916620713
942827571
933755711
927906287
934097130
932863006
926186817
929699998
990610525
959782423
926741934
921537239
922859574
928887480
935792029
932750449
922668418
932097192
977498651
994985590
830242872
919681055
998384443
987675799
945781025
983587313
927240025
936138144
919873701
929535146
929181727
983058655
992061510
943019681
928582876
921186037
971173521
880045822
915872816
931022938
831632402
935926572
989208594
931365398
927173697
933681904
933582523
932591197
814927032
918551956
917457794
922885281
913452100
999143024
928677486
989015656
822836542
988987239
917950717
889839562
921103239
927670704
936342973
991814612
920213499
921797427
925629677
920148263
928430383
926828223
921452918
919287055
917500495
934982347
919969482
912861775
975808149
979324421
982363543
986686207
989041231
925885002
923602879
920981925
930700428
975988244
933899373
985708304
889132612
924816937
940225752
931774778
933135594
933909441
925361380
925720119
928723828
818986912
928079791
827903752
928589560
929264304
925393290
990044562
927895919
984483694
929501101
926549154
992074779
923959009
932524910
952064010
836722582
922646104
951627844
929986318
932483025
927233258
941410278
932501856
921104308
915138357
921709528
986606890
953832100
930362484
930384909
928824268
998641764
992076879
925170143
831492252
928544567
975759458
927412020
927171198
925285358
927547376
929089715
941768326
977034116
929083989
936798063
912587851
923301348
984807805
992055006
924458267
926422448
920231519
923299874
933659747
930715522
999224350
936059570
925543780
926940317
995359553
933692825
931001779
992455888
992577908
916667655
833568752
926340832
982957923
929523806
992490527
992459190
979918003
991198237
931949845
933325962
879767822
996199290
914337704
931345419
929574524
922676453
920243134
817596932
882891542
982733782
917497044
820952812
918504176
947063960
982388406
822703232
835285162
918871993
931366246
913823036
960618475
927612844
928816753
989262564
989198289
971122021
914612659
921092369
984224524
931243144
920203175
956567270
974497611
987664037
835512002
927427087
927068486
926433741
934395417
915318347
935373840
999558763
914632161
999168035
991738525
980875652
987946180
922252939
915208304
990543089
932100010
820623282
997627571
934653955
933122840
918753265
921378521
930478377
929419642
880574442
977153387
916161972
915294863
928726827
924433469
987800038
920973507
936410294
928484440
931722980
993478733
931906933
930754234
921337981
928848477
987845430
921747594
919743654
992694599
918310649
913536770
912801349
923217797
922185077
962161677
952527827
931460463
985817448
918097902
828032402
927966360
919001275
853792292
857878132
917082065
952882708
997020332
897219522
916199783
915261396
919076399
982731216
913514653
991427813
968326414
920715885
811576972
927842920
928094340
935670713
981110943
934043103
825754032
919309180
995878097
921259751
926188666
931932985
927344211
930165239
921211546
829141582
986163093
998752302
979607385
925767638
926461761
916455844
925881120
929959922
989664395
814084922
915826938
936529119
896160532
921884451
820935292
993120421
933591727
935269008
998213827
921424892
930177652
926979000
992765119
934264398
916191030
917106916
933986918
911675056
915810519
812108972
930889164
989229974
939179577
817984002
933569004
998666376
915837719
995545071
912797554
824641072
931808648
996379906
917592950
927729660
918083790
922233616
997929276
930871915
933412962
935402468
932411458
822919642
916934343
834010232
988463914
913450779
932988984
958870442
923451757
930021040
934940164
998414105
998472156
912882071
935442907
930814601
922302995
934213939
976854047
925702080
859335152
928654818
834782952
986373128
992833602
935015863
882077942
925145874
914531039
919408944
996343510
918808558
932231158
